matrix([[  0.    ,   8.    , 152.    , 497.3536],
        [  8.    ,   0.    , 104.    , 451.1136],
        [152.    , 104.    ,   0.    , 747.9136],
        [497.3536, 451.1136, 747.9136,   0.    ]])
matrix([[  0.        ,   6.85587058, 147.73498641, 493.07100596],
        [  6.85587058,   0.        , 103.58902352, 450.70058717],
        [147.73498641, 103.58902352,   0.        , 742.9034967 ],
        [493.07100596, 450.70058717, 742.9034967 ,   0.        ]])
matrix([[  0.        ,   5.73941736, 143.39496681, 488.7255479 ],
        [  5.73941736,   0.        , 103.26978298, 450.36404074],
        [143.39496681, 103.26978298,   0.        , 737.89051846],
        [488.7255479 , 450.36404074, 737.89051846,   0.        ]])
matrix([[  0.        ,   4.65842247, 138.96700171, 484.3063407 ],
        [  4.65842247,   0.        , 103.05925159, 450.11886678],
        [138.96700171, 103.05925159,   0.        , 732.87455692],
        [484.3063407 , 450.11886678, 732.87455692,   0.        ]])
matrix([[  0.        ,   3.62420536, 134.43602122, 479.80092191],
        [  3.62420536,   0.        , 102.97829906, 449.98337566],
        [134.43602122, 102.97829906,   0.        , 727.85545944],
        [479.80092191, 449.98337566, 727.85545944,   0.        ]])
matrix([[  0.        ,   2.65375301, 129.78621972, 475.19677368],
        [  2.65375301,   0.        , 103.05135674, 449.97885387],
        [129.78621972, 103.05135674,   0.        , 722.83300637],
        [475.19677368, 449.97885387, 722.83300637,   0.        ]])
matrix([[  0.        ,   1.77322237, 125.00678734, 470.48703316],
        [  1.77322237,   0.        , 103.30242842, 450.12565112],
        [125.00678734, 103.30242842,   0.        , 717.806874  ],
        [470.48703316, 450.12565112, 717.806874  ,   0.        ]])
matrix([[  0.        ,   1.02291472, 120.11120523, 465.6890306 ],
        [  1.02291472,   0.        , 103.73826682, 450.42720536],
        [120.11120523, 103.73826682,   0.        , 712.77657351],
        [465.6890306 , 450.42720536, 712.77657351,   0.        ]])
matrix([[0.00000000e+00, 4.59702770e-01, 1.15195374e+02, 4.60898873e+02],
        [4.59702770e-01, 0.00000000e+00, 1.04291434e+02, 4.50816792e+02],
        [1.15195374e+02, 1.04291434e+02, 0.00000000e+00, 7.07741354e+02],
        [4.60898873e+02, 4.50816792e+02, 7.07741354e+02, 0.00000000e+00]])
matrix([[0.00000000e+00, 1.35665055e-01, 1.10567616e+02, 4.56410502e+02],
        [1.35665055e-01, 0.00000000e+00, 1.04679578e+02, 4.51027938e+02],
        [1.10567616e+02, 1.04679578e+02, 0.00000000e+00, 7.02700078e+02],
        [4.56410502e+02, 4.51027938e+02, 7.02700078e+02, 0.00000000e+00]])
matrix([[0.00000000e+00, 2.31358474e-02, 1.06768097e+02, 4.52723578e+02],
        [2.31358474e-02, 0.00000000e+00, 1.04348530e+02, 4.50549058e+02],
        [1.06768097e+02, 1.04348530e+02, 0.00000000e+00, 6.97651214e+02],
        [4.52723578e+02, 4.50549058e+02, 6.97651214e+02, 0.00000000e+00]])
matrix([[0.00000000e+00, 2.80883589e-03, 1.03937423e+02, 4.49949302e+02],
        [2.80883589e-03, 0.00000000e+00, 1.03097834e+02, 4.49211111e+02],
        [1.03937423e+02, 1.03097834e+02, 0.00000000e+00, 6.92593286e+02],
        [4.49949302e+02, 4.49211111e+02, 6.92593286e+02, 0.00000000e+00]])
matrix([[0.00000000e+00, 3.15730315e-04, 1.01623096e+02, 4.47653095e+02],
        [3.15730315e-04, 0.00000000e+00, 1.01342738e+02, 4.47412459e+02],
        [1.01623096e+02, 1.01342738e+02, 0.00000000e+00, 6.87525476e+02],
        [4.47653095e+02, 4.47412459e+02, 6.87525476e+02, 0.00000000e+00]])
matrix([[0.00000000e+00, 3.51502339e-05, 9.94968663e+01, 4.45529309e+02],
        [3.51502339e-05, 0.00000000e+00, 9.94037087e+01, 4.45451357e+02],
        [9.94968663e+01, 9.94037087e+01, 0.00000000e+00, 6.82447399e+02],
        [4.45529309e+02, 4.45451357e+02, 6.82447399e+02, 0.00000000e+00]])
matrix([[0.00000000e+00, 3.91009354e-06, 9.74347460e+01, 4.43465140e+02],
        [3.91009354e-06, 0.00000000e+00, 9.74038089e+01, 4.43439936e+02],
        [9.74347460e+01, 9.74038089e+01, 0.00000000e+00, 6.77358753e+02],
        [4.43465140e+02, 4.43439936e+02, 6.77358753e+02, 0.00000000e+00]])
matrix([[0.00000000e+00, 4.35045393e-07, 9.53949978e+01, 4.41423559e+02],
        [4.35045393e-07, 0.00000000e+00, 9.53847244e+01, 4.41415421e+02],
        [9.53949978e+01, 9.53847244e+01, 0.00000000e+00, 6.72259235e+02],
        [4.41423559e+02, 4.41415421e+02, 6.72259235e+02, 0.00000000e+00]])
matrix([[0.00000000e+00, 4.84203611e-08, 9.33637699e+01, 4.39392656e+02],
        [4.84203611e-08, 0.00000000e+00, 9.33603585e+01, 4.39390033e+02],
        [9.33637699e+01, 9.33603585e+01, 0.00000000e+00, 6.67148527e+02],
        [4.39392656e+02, 4.39390033e+02, 6.67148527e+02, 0.00000000e+00]])
matrix([[0.00000000e+00, 5.39117195e-09, 9.13364861e+01, 4.37368693e+02],
        [5.39117195e-09, 0.00000000e+00, 9.13353533e+01, 4.37367849e+02],
        [9.13364861e+01, 9.13353533e+01, 0.00000000e+00, 6.62026295e+02],
        [4.37368693e+02, 4.37367849e+02, 6.62026295e+02, 0.00000000e+00]])
matrix([[0.00000000e+00, 6.00493877e-10, 8.93116511e+01, 4.35350584e+02],
        [6.00493877e-10, 0.00000000e+00, 8.93112749e+01, 4.35350313e+02],
        [8.93116511e+01, 8.93112749e+01, 0.00000000e+00, 6.56892187e+02],
        [4.35350584e+02, 4.35350313e+02, 6.56892187e+02, 0.00000000e+00]])
matrix([[0.00000000e+00, 6.69047040e-11, 8.72887939e+01, 4.33338111e+02],
        [6.69047040e-11, 0.00000000e+00, 8.72886690e+01, 4.33338024e+02],
        [8.72887939e+01, 8.72886690e+01, 0.00000000e+00, 6.51745830e+02],
        [4.33338111e+02, 4.33338024e+02, 6.51745830e+02, 0.00000000e+00]])
matrix([[0.00000000e+00, 7.44648787e-12, 8.52677854e+01, 4.31331343e+02],
        [7.44648787e-12, 0.00000000e+00, 8.52677439e+01, 4.31331315e+02],
        [8.52677854e+01, 8.52677439e+01, 0.00000000e+00, 6.46586831e+02],
        [4.31331343e+02, 4.31331315e+02, 6.46586831e+02, 0.00000000e+00]])
matrix([[0.00000000e+00, 8.52651283e-13, 8.32486113e+01, 4.29330450e+02],
        [8.52651283e-13, 0.00000000e+00, 8.32485975e+01, 4.29330441e+02],
        [8.32486113e+01, 8.32485975e+01, 0.00000000e+00, 6.41414774e+02],
        [4.29330450e+02, 4.29330441e+02, 6.41414774e+02, 0.00000000e+00]])
