matrix([[0.0000e+00, 8.0000e+00, 8.4810e+03, 2.2200e+02],
        [8.0000e+00, 0.0000e+00, 8.1170e+03, 2.2600e+02],
        [8.4810e+03, 8.1170e+03, 0.0000e+00, 1.0529e+04],
        [2.2200e+02, 2.2600e+02, 1.0529e+04, 0.0000e+00]])
matrix([[0.00000000e+00, 6.83687481e+00, 8.46735606e+03, 2.19893564e+02],
        [6.83687481e+00, 0.00000000e+00, 8.13083668e+03, 2.23592952e+02],
        [8.46735606e+03, 8.13083668e+03, 0.00000000e+00, 1.05189083e+04],
        [2.19893564e+02, 2.23592952e+02, 1.05189083e+04, 0.00000000e+00]])
matrix([[0.00000000e+00, 5.70452793e+00, 8.45292288e+03, 2.17801551e+02],
        [5.70452793e+00, 0.00000000e+00, 8.14551278e+03, 2.21182249e+02],
        [8.45292288e+03, 8.14551278e+03, 0.00000000e+00, 1.05087804e+04],
        [2.17801551e+02, 2.21182249e+02, 1.05087804e+04, 0.00000000e+00]])
matrix([[0.00000000e+00, 4.61101707e+00, 8.43756602e+03, 2.15727496e+02],
        [4.61101707e+00, 0.00000000e+00, 8.16116716e+03, 2.18768432e+02],
        [8.43756602e+03, 8.16116716e+03, 0.00000000e+00, 1.04986159e+04],
        [2.15727496e+02, 2.18768432e+02, 1.04986159e+04, 0.00000000e+00]])
matrix([[0.00000000e+00, 3.56805914e+00, 8.42112425e+03, 2.13676172e+02],
        [3.56805914e+00, 0.00000000e+00, 8.17796729e+03, 2.16352667e+02],
        [8.42112425e+03, 8.17796729e+03, 0.00000000e+00, 1.04884144e+04],
        [2.13676172e+02, 2.16352667e+02, 1.04884144e+04, 0.00000000e+00]])
matrix([[0.00000000e+00, 2.59324951e+00, 8.40341719e+03, 2.11654085e+02],
        [2.59324951e+00, 0.00000000e+00, 8.19610261e+03, 2.13937386e+02],
        [8.40341719e+03, 8.19610261e+03, 0.00000000e+00, 1.04781756e+04],
        [2.11654085e+02, 2.13937386e+02, 1.04781756e+04, 0.00000000e+00]])
matrix([[0.00000000e+00, 1.71369929e+00, 8.38428876e+03, 2.09669934e+02],
        [1.71369929e+00, 0.00000000e+00, 8.21574289e+03, 2.11527670e+02],
        [8.38428876e+03, 8.21574289e+03, 0.00000000e+00, 1.04678996e+04],
        [2.09669934e+02, 2.11527670e+02, 1.04678996e+04, 0.00000000e+00]])
matrix([[0.00000000e+00, 9.71076549e-01, 8.36376935e+03, 2.07734139e+02],
        [9.71076549e-01, 0.00000000e+00, 8.23687850e+03, 2.09134293e+02],
        [8.36376935e+03, 8.23687850e+03, 0.00000000e+00, 1.04575866e+04],
        [2.07734139e+02, 2.09134293e+02, 1.04575866e+04, 0.00000000e+00]])
matrix([[0.00000000e+00, 4.23246314e-01, 8.34259135e+03, 2.05853645e+02],
        [4.23246314e-01, 0.00000000e+00, 8.25880555e+03, 2.06779809e+02],
        [8.34259135e+03, 8.25880555e+03, 0.00000000e+00, 1.04472371e+04],
        [2.05853645e+02, 2.06779809e+02, 1.04472371e+04, 0.00000000e+00]])
matrix([[0.00000000e+00, 1.18884187e-01, 8.32335911e+03, 2.04012672e+02],
        [1.18884187e-01, 0.00000000e+00, 8.27894305e+03, 2.04505199e+02],
        [8.32335911e+03, 8.27894305e+03, 0.00000000e+00, 1.04368524e+04],
        [2.04012672e+02, 2.04505199e+02, 1.04368524e+04, 0.00000000e+00]])
matrix([[0.00000000e+00, 1.92649993e-02, 8.31061460e+03, 2.02152012e+02],
        [1.92649993e-02, 0.00000000e+00, 8.29272827e+03, 2.02351428e+02],
        [8.31061460e+03, 8.29272827e+03, 0.00000000e+00, 1.04264343e+04],
        [2.02152012e+02, 2.02351428e+02, 1.04264343e+04, 0.00000000e+00]])
matrix([[0.00000000e+00, 2.28375156e-03, 8.30530896e+03, 2.00230455e+02],
        [2.28375156e-03, 0.00000000e+00, 8.29914782e+03, 2.00299628e+02],
        [8.30530896e+03, 8.29914782e+03, 0.00000000e+00, 1.04159843e+04],
        [2.00230455e+02, 2.00299628e+02, 1.04159843e+04, 0.00000000e+00]])
matrix([[0.00000000e+00, 2.53554666e-04, 8.30383189e+03, 1.98270563e+02],
        [2.53554666e-04, 0.00000000e+00, 8.30177796e+03, 1.98293793e+02],
        [8.30383189e+03, 8.30177796e+03, 0.00000000e+00, 1.04055028e+04],
        [1.98270563e+02, 1.98293793e+02, 1.04055028e+04, 0.00000000e+00]])
matrix([[0.00000000e+00, 2.79206647e-05, 8.30373888e+03, 1.96295997e+02],
        [2.79206647e-05, 0.00000000e+00, 8.30305696e+03, 1.96303767e+02],
        [8.30373888e+03, 8.30305696e+03, 0.00000000e+00, 1.03949894e+04],
        [1.96295997e+02, 1.96303767e+02, 1.03949894e+04, 0.00000000e+00]])
matrix([[0.00000000e+00, 3.07144779e-06, 8.30412036e+03, 1.94316461e+02],
        [3.07144779e-06, 0.00000000e+00, 8.30389407e+03, 1.94319058e+02],
        [8.30412036e+03, 8.30389407e+03, 0.00000000e+00, 1.03844436e+04],
        [1.94316461e+02, 1.94319058e+02, 1.03844436e+04, 0.00000000e+00]])
matrix([[0.00000000e+00, 3.37810548e-07, 8.30467055e+03, 1.92335335e+02],
        [3.37810548e-07, 0.00000000e+00, 8.30459546e+03, 1.92336204e+02],
        [8.30467055e+03, 8.30459546e+03, 0.00000000e+00, 1.03738650e+04],
        [1.92335335e+02, 1.92336204e+02, 1.03738650e+04, 0.00000000e+00]])
matrix([[0.00000000e+00, 3.71495616e-08, 8.30528801e+03, 1.90353766e+02],
        [3.71495616e-08, 0.00000000e+00, 8.30526310e+03, 1.90354056e+02],
        [8.30528801e+03, 8.30526310e+03, 0.00000000e+00, 1.03632531e+04],
        [1.90353766e+02, 1.90354056e+02, 1.03632531e+04, 0.00000000e+00]])
matrix([[0.00000000e+00, 4.08499545e-09, 8.30593925e+03, 1.88372137e+02],
        [4.08499545e-09, 0.00000000e+00, 8.30593098e+03, 1.88372234e+02],
        [8.30593925e+03, 8.30593098e+03, 0.00000000e+00, 1.03526072e+04],
        [1.88372137e+02, 1.88372234e+02, 1.03526072e+04, 0.00000000e+00]])
matrix([[0.00000000e+00, 4.49119852e-10, 8.30661333e+03, 1.86390581e+02],
        [4.49119852e-10, 0.00000000e+00, 8.30661059e+03, 1.86390613e+02],
        [8.30661333e+03, 8.30661059e+03, 0.00000000e+00, 1.03419270e+04],
        [1.86390581e+02, 1.86390613e+02, 1.03419270e+04, 0.00000000e+00]])
matrix([[0.00000000e+00, 4.93969310e-11, 8.30730682e+03, 1.84409144e+02],
        [4.93969310e-11, 0.00000000e+00, 8.30730591e+03, 1.84409154e+02],
        [8.30730682e+03, 8.30730591e+03, 0.00000000e+00, 1.03312119e+04],
        [1.84409144e+02, 1.84409154e+02, 1.03312119e+04, 0.00000000e+00]])
matrix([[0.00000000e+00, 5.42854650e-12, 8.30801876e+03, 1.82427843e+02],
        [5.42854650e-12, 0.00000000e+00, 8.30801846e+03, 1.82427846e+02],
        [8.30801876e+03, 8.30801846e+03, 0.00000000e+00, 1.03204612e+04],
        [1.82427843e+02, 1.82427846e+02, 1.03204612e+04, 0.00000000e+00]])
matrix([[0.00000000e+00, 5.96855898e-13, 8.30874905e+03, 1.80446687e+02],
        [5.96855898e-13, 0.00000000e+00, 8.30874895e+03, 1.80446688e+02],
        [8.30874905e+03, 8.30874895e+03, 0.00000000e+00, 1.03096744e+04],
        [1.80446687e+02, 1.80446688e+02, 1.03096744e+04, 0.00000000e+00]])
matrix([[0.00000000e+00, 8.52651283e-14, 8.30949783e+03, 1.78465682e+02],
        [8.52651283e-14, 0.00000000e+00, 8.30949780e+03, 1.78465682e+02],
        [8.30949783e+03, 8.30949780e+03, 0.00000000e+00, 1.02988509e+04],
        [1.78465682e+02, 1.78465682e+02, 1.02988509e+04, 0.00000000e+00]])
matrix([[0.00000000e+00, 2.84217094e-14, 8.31026538e+03, 1.76484831e+02],
        [2.84217094e-14, 0.00000000e+00, 8.31026537e+03, 1.76484831e+02],
        [8.31026538e+03, 8.31026537e+03, 0.00000000e+00, 1.02879901e+04],
        [1.76484831e+02, 1.76484831e+02, 1.02879901e+04, 0.00000000e+00]])
matrix([[0.00000000e+00, 2.84217094e-14, 8.31105199e+03, 1.74504139e+02],
        [2.84217094e-14, 0.00000000e+00, 8.31105199e+03, 1.74504139e+02],
        [8.31105199e+03, 8.31105199e+03, 0.00000000e+00, 1.02770914e+04],
        [1.74504139e+02, 1.74504139e+02, 1.02770914e+04, 0.00000000e+00]])
matrix([[    0.        ,     0.        ,  8311.85798469,   172.52361081],
        [    0.        ,     0.        ,  8311.85798347,   172.52361082],
        [ 8311.85798469,  8311.85798347,     0.        , 10266.15405816],
        [  172.52361081,   172.52361082, 10266.15405816,     0.        ]])
matrix([[ 0.00000000e+00, -2.84217094e-14,  8.31268370e+03,
          1.70543250e+02],
        [-2.84217094e-14,  0.00000000e+00,  8.31268370e+03,
          1.70543250e+02],
        [ 8.31268370e+03,  8.31268370e+03,  0.00000000e+00,
          1.02551775e+04],
        [ 1.70543250e+02,  1.70543250e+02,  1.02551775e+04,
          0.00000000e+00]])
matrix([[    0.        ,     0.        ,  8313.52946536,   168.56306087],
        [    0.        ,     0.        ,  8313.52946522,   168.56306087],
        [ 8313.52946536,  8313.52946522,     0.        , 10244.16101581],
        [  168.56306087,   168.56306087, 10244.16101581,     0.        ]])
matrix([[    0.        ,     0.        ,  8314.39564597,   166.58304842],
        [    0.        ,     0.        ,  8314.39564592,   166.58304842],
        [ 8314.39564597,  8314.39564592,     0.        , 10233.10389759],
        [  166.58304842,   166.58304842, 10233.10389759,     0.        ]])
matrix([[ 0.00000000e+00, -2.84217094e-14,  8.31528260e+03,
          1.64603217e+02],
        [-2.84217094e-14,  0.00000000e+00,  8.31528260e+03,
          1.64603217e+02],
        [ 8.31528260e+03,  8.31528260e+03,  0.00000000e+00,
          1.02220054e+04],
        [ 1.64603217e+02,  1.64603217e+02,  1.02220054e+04,
          0.00000000e+00]])
matrix([[    0.        ,     0.        ,  8316.19070434,   162.6235724 ],
        [    0.        ,     0.        ,  8316.19070433,   162.6235724 ],
        [ 8316.19070434,  8316.19070433,     0.        , 10210.86484929],
        [  162.6235724 ,   162.6235724 , 10210.86484929,     0.        ]])
matrix([[    0.        ,     0.        ,  8317.12034128,   160.64411885],
        [    0.        ,     0.        ,  8317.12034128,   160.64411885],
        [ 8317.12034128,  8317.12034128,     0.        , 10199.68140759],
        [  160.64411885,   160.64411885, 10199.68140759,     0.        ]])
matrix([[ 0.00000000e+00, -2.84217094e-14,  8.31807191e+03,
          1.58664862e+02],
        [-2.84217094e-14,  0.00000000e+00,  8.31807191e+03,
          1.58664862e+02],
        [ 8.31807191e+03,  8.31807191e+03,  0.00000000e+00,
          1.01884543e+04],
        [ 1.58664862e+02,  1.58664862e+02,  1.01884543e+04,
          0.00000000e+00]])
matrix([[    0.        ,     0.        ,  8319.04581521,   156.68580717],
        [    0.        ,     0.        ,  8319.04581521,   156.68580717],
        [ 8319.04581521,  8319.04581521,     0.        , 10177.1827379 ],
        [  156.68580717,   156.68580717, 10177.1827379 ,     0.        ]])
matrix([[    0.        ,     0.        ,  8320.04248271,   154.70696021],
        [    0.        ,     0.        ,  8320.04248271,   154.70696021],
        [ 8320.04248271,  8320.04248271,     0.        , 10165.86585645],
        [  154.70696021,   154.70696021, 10165.86585645,     0.        ]])
matrix([[    0.        ,     0.        ,  8321.06234587,   152.72832699],
        [    0.        ,     0.        ,  8321.06234587,   152.72832699],
        [ 8321.06234587,  8321.06234587,     0.        , 10154.5027986 ],
        [  152.72832699,   152.72832699, 10154.5027986 ,     0.        ]])
matrix([[    0.        ,     0.        ,  8322.10585325,   150.74991364],
        [    0.        ,     0.        ,  8322.10585325,   150.74991364],
        [ 8322.10585325,  8322.10585325,     0.        , 10143.09267138],
        [  150.74991364,   150.74991364, 10143.09267138,     0.        ]])
matrix([[    0.        ,     0.        ,  8323.1734678 ,   148.77172655],
        [    0.        ,     0.        ,  8323.1734678 ,   148.77172655],
        [ 8323.1734678 ,  8323.1734678 ,     0.        , 10131.63455321],
        [  148.77172655,   148.77172655, 10131.63455321,     0.        ]])
matrix([[    0.        ,     0.        ,  8324.2656675 ,   146.79377233],
        [    0.        ,     0.        ,  8324.2656675 ,   146.79377233],
        [ 8324.2656675 ,  8324.2656675 ,     0.        , 10120.12749256],
        [  146.79377233,   146.79377233, 10120.12749256,     0.        ]])
matrix([[    0.        ,     0.        ,  8325.38294609,   144.81605789],
        [    0.        ,     0.        ,  8325.38294609,   144.81605789],
        [ 8325.38294609,  8325.38294609,     0.        , 10108.57050662],
        [  144.81605789,   144.81605789, 10108.57050662,     0.        ]])
matrix([[    0.        ,     0.        ,  8326.52581377,   142.83859038],
        [    0.        ,     0.        ,  8326.52581377,   142.83859038],
        [ 8326.52581377,  8326.52581377,     0.        , 10096.96257982],
        [  142.83859038,   142.83859038, 10096.96257982,     0.        ]])
matrix([[    0.        ,     0.        ,  8327.69479797,   140.86137729],
        [    0.        ,     0.        ,  8327.69479797,   140.86137729],
        [ 8327.69479797,  8327.69479797,     0.        , 10085.30266231],
        [  140.86137729,   140.86137729, 10085.30266231,     0.        ]])
matrix([[    0.        ,     0.        ,  8328.8904442 ,   138.88442637],
        [    0.        ,     0.        ,  8328.8904442 ,   138.88442637],
        [ 8328.8904442 ,  8328.8904442 ,     0.        , 10073.58966832],
        [  138.88442637,   138.88442637, 10073.58966832,     0.        ]])
matrix([[    0.        ,     0.        ,  8330.11331689,   136.90774575],
        [    0.        ,     0.        ,  8330.11331689,   136.90774575],
        [ 8330.11331689,  8330.11331689,     0.        , 10061.82247443],
        [  136.90774575,   136.90774575, 10061.82247443,     0.        ]])
matrix([[    0.        ,     0.        ,  8331.36400036,   134.93134385],
        [    0.        ,     0.        ,  8331.36400036,   134.93134385],
        [ 8331.36400036,  8331.36400036,     0.        , 10049.99991769],
        [  134.93134385,   134.93134385, 10049.99991769,     0.        ]])
matrix([[    0.        ,     0.        ,  8332.64309974,   132.9552295 ],
        [    0.        ,     0.        ,  8332.64309974,   132.9552295 ],
        [ 8332.64309974,  8332.64309974,     0.        , 10038.12079373],
        [  132.9552295 ,   132.9552295 , 10038.12079373,     0.        ]])
matrix([[    0.        ,     0.        ,  8333.95124212,   130.9794119 ],
        [    0.        ,     0.        ,  8333.95124212,   130.9794119 ],
        [ 8333.95124212,  8333.95124212,     0.        , 10026.1838546 ],
        [  130.9794119 ,   130.9794119 , 10026.1838546 ,     0.        ]])
matrix([[    0.        ,     0.        ,  8335.28907755,   129.00390066],
        [    0.        ,     0.        ,  8335.28907755,   129.00390066],
        [ 8335.28907755,  8335.28907755,     0.        , 10014.18780658],
        [  129.00390066,   129.00390066, 10014.18780658,     0.        ]])
matrix([[    0.        ,     0.        ,  8336.65728036,   127.02870581],
        [    0.        ,     0.        ,  8336.65728036,   127.02870581],
        [ 8336.65728036,  8336.65728036,     0.        , 10002.13130783],
        [  127.02870581,   127.02870581, 10002.13130783,     0.        ]])
matrix([[   0.        ,    0.        , 8338.05655032,  125.05383787],
        [   0.        ,    0.        , 8338.05655032,  125.05383787],
        [8338.05655032, 8338.05655032,    0.        , 9990.01296579],
        [ 125.05383787,  125.05383787, 9990.01296579,    0.        ]])
matrix([[   0.        ,    0.        , 8339.48761408,  123.07930782],
        [   0.        ,    0.        , 8339.48761408,  123.07930782],
        [8339.48761408, 8339.48761408,    0.        , 9977.83133456],
        [ 123.07930782,  123.07930782, 9977.83133456,    0.        ]])
matrix([[   0.        ,    0.        , 8340.95122659,  121.10512719],
        [   0.        ,    0.        , 8340.95122659,  121.10512719],
        [8340.95122659, 8340.95122659,    0.        , 9965.58491194],
        [ 121.10512719,  121.10512719, 9965.58491194,    0.        ]])
matrix([[   0.        ,    0.        , 8342.44817269,  119.13130803],
        [   0.        ,    0.        , 8342.44817269,  119.13130803],
        [8342.44817269, 8342.44817269,    0.        , 9953.27213636],
        [ 119.13130803,  119.13130803, 9953.27213636,    0.        ]])
matrix([[   0.        ,    0.        , 8343.97926874,  117.157863  ],
        [   0.        ,    0.        , 8343.97926874,  117.157863  ],
        [8343.97926874, 8343.97926874,    0.        , 9940.89138356],
        [ 117.157863  ,  117.157863  , 9940.89138356,    0.        ]])
matrix([[   0.        ,    0.        , 8345.54536443,  115.18480538],
        [   0.        ,    0.        , 8345.54536443,  115.18480538],
        [8345.54536443, 8345.54536443,    0.        , 9928.44096304],
        [ 115.18480538,  115.18480538, 9928.44096304,    0.        ]])
matrix([[   0.        ,    0.        , 8347.14734473,  113.21214913],
        [   0.        ,    0.        , 8347.14734473,  113.21214913],
        [8347.14734473, 8347.14734473,    0.        , 9915.9191142 ],
        [ 113.21214913,  113.21214913, 9915.9191142 ,    0.        ]])
matrix([[   0.        ,    0.        , 8348.78613193,  111.2399089 ],
        [   0.        ,    0.        , 8348.78613193,  111.2399089 ],
        [8348.78613193, 8348.78613193,    0.        , 9903.32400228],
        [ 111.2399089 ,  111.2399089 , 9903.32400228,    0.        ]])
matrix([[   0.        ,    0.        , 8350.46268787,  109.26810012],
        [   0.        ,    0.        , 8350.46268787,  109.26810012],
        [8350.46268787, 8350.46268787,    0.        , 9890.6537139 ],
        [ 109.26810012,  109.26810012, 9890.6537139 ,    0.        ]])
matrix([[   0.        ,    0.        , 8352.17801638,  107.29673904],
        [   0.        ,    0.        , 8352.17801638,  107.29673904],
        [8352.17801638, 8352.17801638,    0.        , 9877.9062523 ],
        [ 107.29673904,  107.29673904, 9877.9062523 ,    0.        ]])
matrix([[   0.        ,    0.        , 8353.93316581,  105.32584278],
        [   0.        ,    0.        , 8353.93316581,  105.32584278],
        [8353.93316581, 8353.93316581,    0.        , 9865.07953218],
        [ 105.32584278,  105.32584278, 9865.07953218,    0.        ]])
matrix([[   0.        ,    0.        , 8355.72923189,  103.35542941],
        [   0.        ,    0.        , 8355.72923189,  103.35542941],
        [8355.72923189, 8355.72923189,    0.        , 9852.17137419],
        [ 103.35542941,  103.35542941, 9852.17137419,    0.        ]])
matrix([[   0.        ,    0.        , 8357.56736072,  101.38551799],
        [   0.        ,    0.        , 8357.56736072,  101.38551799],
        [8357.56736072, 8357.56736072,    0.        , 9839.17949885],
        [ 101.38551799,  101.38551799, 9839.17949885,    0.        ]])
matrix([[   0.        ,    0.        , 8359.44875208,   99.41612868],
        [   0.        ,    0.        , 8359.44875208,   99.41612868],
        [8359.44875208, 8359.44875208,    0.        , 9826.10152008],
        [  99.41612868,   99.41612868, 9826.10152008,    0.        ]])
matrix([[   0.        ,    0.        , 8361.37466296,   97.44728281],
        [   0.        ,    0.        , 8361.37466296,   97.44728281],
        [8361.37466296, 8361.37466296,    0.        , 9812.93493811],
        [  97.44728281,   97.44728281, 9812.93493811,    0.        ]])
matrix([[   0.        ,    0.        , 8363.34641149,   95.47900297],
        [   0.        ,    0.        , 8363.34641149,   95.47900297],
        [8363.34641149, 8363.34641149,    0.        , 9799.67713179],
        [  95.47900297,   95.47900297, 9799.67713179,    0.        ]])
matrix([[   0.        ,    0.        , 8365.36538109,   93.5113131 ],
        [   0.        ,    0.        , 8365.36538109,   93.5113131 ],
        [8365.36538109, 8365.36538109,    0.        , 9786.32535028],
        [  93.5113131 ,   93.5113131 , 9786.32535028,    0.        ]])
matrix([[   0.        ,    0.        , 8367.43302508,   91.54423862],
        [   0.        ,    0.        , 8367.43302508,   91.54423862],
        [8367.43302508, 8367.43302508,    0.        , 9772.87670387],
        [  91.54423862,   91.54423862, 9772.87670387,    0.        ]])
matrix([[   0.        ,    0.        , 8369.55087172,   89.57780656],
        [   0.        ,    0.        , 8369.55087172,   89.57780656],
        [8369.55087172, 8369.55087172,    0.        , 9759.32815408],
        [  89.57780656,   89.57780656, 9759.32815408,    0.        ]])
matrix([[   0.        ,    0.        , 8371.72052967,   87.61204566],
        [   0.        ,    0.        , 8371.72052967,   87.61204566],
        [8371.72052967, 8371.72052967,    0.        , 9745.67650279],
        [  87.61204566,   87.61204566, 9745.67650279,    0.        ]])
matrix([[   0.        ,    0.        , 8373.943694  ,   85.64698656],
        [   0.        ,    0.        , 8373.943694  ,   85.64698656],
        [8373.943694  , 8373.943694  ,    0.        , 9731.91838028],
        [  85.64698656,   85.64698656, 9731.91838028,    0.        ]])
matrix([[   0.        ,    0.        , 8376.22215279,   83.68266193],
        [   0.        ,    0.        , 8376.22215279,   83.68266193],
        [8376.22215279, 8376.22215279,    0.        , 9718.0502322 ],
        [  83.68266193,   83.68266193, 9718.0502322 ,    0.        ]])
matrix([[   0.        ,    0.        , 8378.55779437,   81.71910669],
        [   0.        ,    0.        , 8378.55779437,   81.71910669],
        [8378.55779437, 8378.55779437,    0.        , 9704.06830516],
        [  81.71910669,   81.71910669, 9704.06830516,    0.        ]])
matrix([[   0.        ,    0.        , 8380.95261533,   79.7563582 ],
        [   0.        ,    0.        , 8380.95261533,   79.7563582 ],
        [8380.95261533, 8380.95261533,    0.        , 9689.96863089],
        [  79.7563582 ,   79.7563582 , 9689.96863089,    0.        ]])
matrix([[   0.        ,    0.        , 8383.40872934,   77.79445648],
        [   0.        ,    0.        , 8383.40872934,   77.79445648],
        [8383.40872934, 8383.40872934,    0.        , 9675.74700876],
        [  77.79445648,   77.79445648, 9675.74700876,    0.        ]])
matrix([[   0.        ,    0.        , 8385.92837691,   75.83344451],
        [   0.        ,    0.        , 8385.92837691,   75.83344451],
        [8385.92837691, 8385.92837691,    0.        , 9661.39898638],
        [  75.83344451,   75.83344451, 9661.39898638,    0.        ]])
matrix([[   0.        ,    0.        , 8388.51393624,   73.87336847],
        [   0.        ,    0.        , 8388.51393624,   73.87336847],
        [8388.51393624, 8388.51393624,    0.        , 9646.91983816],
        [  73.87336847,   73.87336847, 9646.91983816,    0.        ]])
matrix([[   0.        ,    0.        , 8391.16793523,   71.91427811],
        [   0.        ,    0.        , 8391.16793523,   71.91427811],
        [8391.16793523, 8391.16793523,    0.        , 9632.30454141],
        [  71.91427811,   71.91427811, 9632.30454141,    0.        ]])
matrix([[   0.        ,    0.        , 8393.89306498,   69.95622711],
        [   0.        ,    0.        , 8393.89306498,   69.95622711],
        [8393.89306498, 8393.89306498,    0.        , 9617.54774976],
        [  69.95622711,   69.95622711, 9617.54774976,    0.        ]])
matrix([[   0.        ,    0.        , 8396.69219473,   67.99927348],
        [   0.        ,    0.        , 8396.69219473,   67.99927348],
        [8396.69219473, 8396.69219473,    0.        , 9602.64376339],
        [  67.99927348,   67.99927348, 9602.64376339,    0.        ]])
matrix([[   0.        ,    0.        , 8399.56838872,   66.04348008],
        [   0.        ,    0.        , 8399.56838872,   66.04348008],
        [8399.56838872, 8399.56838872,    0.        , 9587.58649569],
        [  66.04348008,   66.04348008, 9587.58649569,    0.        ]])
matrix([[   0.        ,    0.        , 8402.52492507,   64.08891515],
        [   0.        ,    0.        , 8402.52492507,   64.08891515],
        [8402.52492507, 8402.52492507,    0.        , 9572.3694359 ],
        [  64.08891515,   64.08891515, 9572.3694359 ,    0.        ]])
matrix([[   0.        ,    0.        , 8405.56531711,   62.13565291],
        [   0.        ,    0.        , 8405.56531711,   62.13565291],
        [8405.56531711, 8405.56531711,    0.        , 9556.98560679],
        [  62.13565291,   62.13565291, 9556.98560679,    0.        ]])
matrix([[   0.        ,    0.        , 8408.69333751,   60.18377433],
        [   0.        ,    0.        , 8408.69333751,   60.18377433],
        [8408.69333751, 8408.69333751,    0.        , 9541.42751704],
        [  60.18377433,   60.18377433, 9541.42751704,    0.        ]])
matrix([[   0.        ,    0.        , 8411.91304554,   58.23336792],
        [   0.        ,    0.        , 8411.91304554,   58.23336792],
        [8411.91304554, 8411.91304554,    0.        , 9525.68710701],
        [  58.23336792,   58.23336792, 9525.68710701,    0.        ]])
matrix([[   0.        ,    0.        , 8415.22881834,   56.28453074],
        [   0.        ,    0.        , 8415.22881834,   56.28453074],
        [8415.22881834, 8415.22881834,    0.        , 9509.75568714],
        [  56.28453074,   56.28453074, 9509.75568714,    0.        ]])
matrix([[   0.        ,    0.        , 8418.64538641,   54.33736947],
        [   0.        ,    0.        , 8418.64538641,   54.33736947],
        [8418.64538641, 8418.64538641,    0.        , 9493.62386747],
        [  54.33736947,   54.33736947, 9493.62386747,    0.        ]])
matrix([[   0.        ,    0.        , 8422.16787454,   52.39200175],
        [   0.        ,    0.        , 8422.16787454,   52.39200175],
        [8422.16787454, 8422.16787454,    0.        , 9477.28147683],
        [  52.39200175,   52.39200175, 9477.28147683,    0.        ]])
matrix([[   0.        ,    0.        , 8425.80184884,   50.44855772],
        [   0.        ,    0.        , 8425.80184884,   50.44855772],
        [8425.80184884, 8425.80184884,    0.        , 9460.71746966],
        [  50.44855772,   50.44855772, 9460.71746966,    0.        ]])
matrix([[   0.        ,    0.        , 8429.55337129,   48.50718183],
        [   0.        ,    0.        , 8429.55337129,   48.50718183],
        [8429.55337129, 8429.55337129,    0.        , 9443.91981829],
        [  48.50718183,   48.50718183, 9443.91981829,    0.        ]])
matrix([[   0.        ,    0.        , 8433.42906305,   46.56803502],
        [   0.        ,    0.        , 8433.42906305,   46.56803502],
        [8433.42906305, 8433.42906305,    0.        , 9426.87538757],
        [  46.56803502,   46.56803502, 9426.87538757,    0.        ]])
matrix([[   0.        ,    0.        , 8437.43617864,   44.63129729],
        [   0.        ,    0.        , 8437.43617864,   44.63129729],
        [8437.43617864, 8437.43617864,    0.        , 9409.56978842],
        [  44.63129729,   44.63129729, 9409.56978842,    0.        ]])
matrix([[   0.        ,    0.        , 8441.58269291,   42.6971708 ],
        [   0.        ,    0.        , 8441.58269291,   42.6971708 ],
        [8441.58269291, 8441.58269291,    0.        , 9391.9872058 ],
        [  42.6971708 ,   42.6971708 , 9391.9872058 ,    0.        ]])
matrix([[   0.        ,    0.        , 8445.87740403,   40.76588363],
        [   0.        ,    0.        , 8445.87740403,   40.76588363],
        [8445.87740403, 8445.87740403,    0.        , 9374.11019534],
        [  40.76588363,   40.76588363, 9374.11019534,    0.        ]])
matrix([[   0.        ,    0.        , 8450.33005582,   38.83769438],
        [   0.        ,    0.        , 8450.33005582,   38.83769438],
        [8450.33005582, 8450.33005582,    0.        , 9355.91944167],
        [  38.83769438,   38.83769438, 9355.91944167,    0.        ]])
matrix([[   0.       ,    0.       , 8454.9514843,   36.9128978],
        [   0.       ,    0.       , 8454.9514843,   36.9128978],
        [8454.9514843, 8454.9514843,    0.       , 9337.3934691],
        [  36.9128978,   36.9128978, 9337.3934691,    0.       ]])
matrix([[   0.        ,    0.        , 8459.75379435,   34.99183174],
        [   0.        ,    0.        , 8459.75379435,   34.99183174],
        [8459.75379435, 8459.75379435,    0.        , 9318.50829303],
        [  34.99183174,   34.99183174, 9318.50829303,    0.        ]])
matrix([[   0.        ,    0.        , 8464.75057428,   33.07488594],
        [   0.        ,    0.        , 8464.75057428,   33.07488594],
        [8464.75057428, 8464.75057428,    0.        , 9299.23699646],
        [  33.07488594,   33.07488594, 9299.23699646,    0.        ]])
matrix([[   0.        ,    0.        , 8469.9571588 ,   31.16251305],
        [   0.        ,    0.        , 8469.9571588 ,   31.16251305],
        [8469.9571588 , 8469.9571588 ,    0.        , 9279.54921159],
        [  31.16251305,   31.16251305, 9279.54921159,    0.        ]])
matrix([[   0.        ,    0.        , 8475.39095395,   29.25524277],
        [   0.        ,    0.        , 8475.39095395,   29.25524277],
        [8475.39095395, 8475.39095395,    0.        , 9259.41047924],
        [  29.25524277,   29.25524277, 9259.41047924,    0.        ]])
matrix([[   0.        ,    0.        , 8481.07184274,   27.35370008],
        [   0.        ,    0.        , 8481.07184274,   27.35370008],
        [8481.07184274, 8481.07184274,    0.        , 9238.78144986],
        [  27.35370008,   27.35370008, 9238.78144986,    0.        ]])
matrix([[   0.        ,    0.        , 8487.02269675,   25.45862921],
        [   0.        ,    0.        , 8487.02269675,   25.45862921],
        [8487.02269675, 8487.02269675,    0.        , 9217.6168762 ],
        [  25.45862921,   25.45862921, 9217.6168762 ,    0.        ]])
matrix([[   0.        ,    0.        , 8493.27002893,   23.57092549],
        [   0.        ,    0.        , 8493.27002893,   23.57092549],
        [8493.27002893, 8493.27002893,    0.        , 9195.86432891],
        [  23.57092549,   23.57092549, 9195.86432891,    0.        ]])
matrix([[   0.        ,    0.        , 8499.84483719,   21.6916784 ],
        [   0.        ,    0.        , 8499.84483719,   21.6916784 ],
        [8499.84483719, 8499.84483719,    0.        , 9173.46253822],
        [  21.6916784 ,   21.6916784 , 9173.46253822,    0.        ]])
matrix([[   0.        ,    0.        , 8506.78370929,   19.82223085],
        [   0.        ,    0.        , 8506.78370929,   19.82223085],
        [8506.78370929, 8506.78370929,    0.        , 9150.33922349],
        [  19.82223085,   19.82223085, 9150.33922349,    0.        ]])
matrix([[   0.        ,    0.        , 8514.13029216,   17.96426254],
        [   0.        ,    0.        , 8514.13029216,   17.96426254],
        [8514.13029216, 8514.13029216,    0.        , 9126.40821022],
        [  17.96426254,   17.96426254, 9126.40821022,    0.        ]])
matrix([[   0.        ,    0.        , 8521.93727757,   16.11990974],
        [   0.        ,    0.        , 8521.93727757,   16.11990974],
        [8521.93727757, 8521.93727757,    0.        , 9101.5655386 ],
        [  16.11990974,   16.11990974, 9101.5655386 ,    0.        ]])
matrix([[   0.        ,    0.        , 8530.26913274,   14.29194218],
        [   0.        ,    0.        , 8530.26913274,   14.29194218],
        [8530.26913274, 8530.26913274,    0.        , 9075.68412007],
        [  14.29194218,   14.29194218, 9075.68412007,    0.        ]])
matrix([[   0.        ,    0.        , 8539.20592507,   12.48403195],
        [   0.        ,    0.        , 8539.20592507,   12.48403195],
        [8539.20592507, 8539.20592507,    0.        , 9048.60626717],
        [  12.48403195,   12.48403195, 9048.60626717,    0.        ]])
matrix([[   0.        ,    0.        , 8548.84877836,   10.7011767 ],
        [   0.        ,    0.        , 8548.84877836,   10.7011767 ],
        [8548.84877836, 8548.84877836,    0.        , 9020.13306324],
        [  10.7011767 ,   10.7011767 , 9020.13306324,    0.        ]])
matrix([[0.00000000e+00, 0.00000000e+00, 8.55932778e+03, 8.95039221e+00],
        [0.00000000e+00, 0.00000000e+00, 8.55932778e+03, 8.95039221e+00],
        [8.55932778e+03, 8.55932778e+03, 0.00000000e+00, 8.99000900e+03],
        [8.95039221e+00, 8.95039221e+00, 8.99000900e+03, 0.00000000e+00]])
matrix([[0.00000000e+00, 0.00000000e+00, 8.57081355e+03, 7.24189853e+00],
        [0.00000000e+00, 0.00000000e+00, 8.57081355e+03, 7.24189853e+00],
        [8.57081355e+03, 8.57081355e+03, 0.00000000e+00, 8.95789967e+03],
        [7.24189853e+00, 7.24189853e+00, 8.95789967e+03, 0.00000000e+00]])
matrix([[0.00000000e+00, 0.00000000e+00, 8.58353386e+03, 5.59125834e+00],
        [0.00000000e+00, 0.00000000e+00, 8.58353386e+03, 5.59125834e+00],
        [8.58353386e+03, 8.58353386e+03, 0.00000000e+00, 8.92335990e+03],
        [5.59125834e+00, 5.59125834e+00, 8.92335990e+03, 0.00000000e+00]])
matrix([[0.00000000e+00, 0.00000000e+00, 8.59779522e+03, 4.02345377e+00],
        [0.00000000e+00, 0.00000000e+00, 8.59779522e+03, 4.02345377e+00],
        [8.59779522e+03, 8.59779522e+03, 0.00000000e+00, 8.88579331e+03],
        [4.02345377e+00, 4.02345377e+00, 8.88579331e+03, 0.00000000e+00]])
matrix([[0.00000000e+00, 0.00000000e+00, 8.61399807e+03, 2.58106909e+00],
        [0.00000000e+00, 0.00000000e+00, 8.61399807e+03, 2.58106909e+00],
        [8.61399807e+03, 8.61399807e+03, 0.00000000e+00, 8.84442741e+03],
        [2.58106909e+00, 2.58106909e+00, 8.84442741e+03, 0.00000000e+00]])
matrix([[0.00000000e+00, 0.00000000e+00, 8.63256837e+03, 1.34085462e+00],
        [0.00000000e+00, 0.00000000e+00, 8.63256837e+03, 1.34085462e+00],
        [8.63256837e+03, 8.63256837e+03, 0.00000000e+00, 8.79846144e+03],
        [1.34085462e+00, 1.34085462e+00, 8.79846144e+03, 0.00000000e+00]])
matrix([[0.00000000e+00, 0.00000000e+00, 8.65336405e+03, 4.39953196e-01],
        [0.00000000e+00, 0.00000000e+00, 8.65336405e+03, 4.39953196e-01],
        [8.65336405e+03, 8.65336405e+03, 0.00000000e+00, 8.74827096e+03],
        [4.39953196e-01, 4.39953196e-01, 8.74827096e+03, 0.00000000e+00]])
matrix([[0.00000000e+00, 0.00000000e+00, 8.67258980e+03, 4.10716257e-02],
        [0.00000000e+00, 0.00000000e+00, 8.67258980e+03, 4.10716257e-02],
        [8.67258980e+03, 8.67258980e+03, 0.00000000e+00, 8.70155506e+03],
        [4.10716257e-02, 4.10716257e-02, 8.70155506e+03, 0.00000000e+00]])
matrix([[0.00000000e+00, 0.00000000e+00, 8.67918857e+03, 6.39459696e-05],
        [0.00000000e+00, 0.00000000e+00, 8.67918857e+03, 6.39459696e-05],
        [8.67918857e+03, 8.67918857e+03, 0.00000000e+00, 8.68033171e+03],
        [6.39459696e-05, 6.39459696e-05, 8.68033171e+03, 0.00000000e+00]])
matrix([[0.00000000e+00, 0.00000000e+00, 8.67690341e+03, 3.97903932e-13],
        [0.00000000e+00, 0.00000000e+00, 8.67690341e+03, 3.97903932e-13],
        [8.67690341e+03, 8.67690341e+03, 0.00000000e+00, 8.67690353e+03],
        [3.97903932e-13, 3.97903932e-13, 8.67690353e+03, 0.00000000e+00]])
matrix([[   0.        ,    0.        , 8674.23729421,    0.        ],
        [   0.        ,    0.        , 8674.23729421,    0.        ],
        [8674.23729421, 8674.23729421,    0.        , 8674.23729422],
        [   0.        ,    0.        , 8674.23729422,    0.        ]])
matrix([[   0.        ,    0.        , 8671.57113984,    0.        ],
        [   0.        ,    0.        , 8671.57113984,    0.        ],
        [8671.57113984, 8671.57113984,    0.        , 8671.57113984],
        [   0.        ,    0.        , 8671.57113984,    0.        ]])
matrix([[   0.        ,    0.        , 8668.90498562,    0.        ],
        [   0.        ,    0.        , 8668.90498562,    0.        ],
        [8668.90498562, 8668.90498562,    0.        , 8668.90498562],
        [   0.        ,    0.        , 8668.90498562,    0.        ]])
matrix([[   0.        ,    0.        , 8666.23883156,    0.        ],
        [   0.        ,    0.        , 8666.23883156,    0.        ],
        [8666.23883156, 8666.23883156,    0.        , 8666.23883156],
        [   0.        ,    0.        , 8666.23883156,    0.        ]])
matrix([[   0.        ,    0.        , 8663.57267765,    0.        ],
        [   0.        ,    0.        , 8663.57267765,    0.        ],
        [8663.57267765, 8663.57267765,    0.        , 8663.57267765],
        [   0.        ,    0.        , 8663.57267765,    0.        ]])
matrix([[   0.        ,    0.        , 8660.90652391,    0.        ],
        [   0.        ,    0.        , 8660.90652391,    0.        ],
        [8660.90652391, 8660.90652391,    0.        , 8660.90652391],
        [   0.        ,    0.        , 8660.90652391,    0.        ]])
matrix([[   0.        ,    0.        , 8658.24037032,    0.        ],
        [   0.        ,    0.        , 8658.24037032,    0.        ],
        [8658.24037032, 8658.24037032,    0.        , 8658.24037032],
        [   0.        ,    0.        , 8658.24037032,    0.        ]])
matrix([[   0.        ,    0.        , 8655.57421689,    0.        ],
        [   0.        ,    0.        , 8655.57421689,    0.        ],
        [8655.57421689, 8655.57421689,    0.        , 8655.57421689],
        [   0.        ,    0.        , 8655.57421689,    0.        ]])
matrix([[   0.        ,    0.        , 8652.90806362,    0.        ],
        [   0.        ,    0.        , 8652.90806362,    0.        ],
        [8652.90806362, 8652.90806362,    0.        , 8652.90806362],
        [   0.        ,    0.        , 8652.90806362,    0.        ]])
matrix([[   0.       ,    0.       , 8650.2419105,    0.       ],
        [   0.       ,    0.       , 8650.2419105,    0.       ],
        [8650.2419105, 8650.2419105,    0.       , 8650.2419105],
        [   0.       ,    0.       , 8650.2419105,    0.       ]])
matrix([[   0.        ,    0.        , 8647.57575755,    0.        ],
        [   0.        ,    0.        , 8647.57575755,    0.        ],
        [8647.57575755, 8647.57575755,    0.        , 8647.57575755],
        [   0.        ,    0.        , 8647.57575755,    0.        ]])
matrix([[   0.        ,    0.        , 8644.90960475,    0.        ],
        [   0.        ,    0.        , 8644.90960475,    0.        ],
        [8644.90960475, 8644.90960475,    0.        , 8644.90960475],
        [   0.        ,    0.        , 8644.90960475,    0.        ]])
matrix([[   0.        ,    0.        , 8642.24345211,    0.        ],
        [   0.        ,    0.        , 8642.24345211,    0.        ],
        [8642.24345211, 8642.24345211,    0.        , 8642.24345211],
        [   0.        ,    0.        , 8642.24345211,    0.        ]])
matrix([[   0.        ,    0.        , 8639.57729963,    0.        ],
        [   0.        ,    0.        , 8639.57729963,    0.        ],
        [8639.57729963, 8639.57729963,    0.        , 8639.57729963],
        [   0.        ,    0.        , 8639.57729963,    0.        ]])
matrix([[   0.        ,    0.        , 8636.91114731,    0.        ],
        [   0.        ,    0.        , 8636.91114731,    0.        ],
        [8636.91114731, 8636.91114731,    0.        , 8636.91114731],
        [   0.        ,    0.        , 8636.91114731,    0.        ]])
matrix([[   0.        ,    0.        , 8634.24499515,    0.        ],
        [   0.        ,    0.        , 8634.24499515,    0.        ],
        [8634.24499515, 8634.24499515,    0.        , 8634.24499515],
        [   0.        ,    0.        , 8634.24499515,    0.        ]])
matrix([[   0.        ,    0.        , 8631.57884314,    0.        ],
        [   0.        ,    0.        , 8631.57884314,    0.        ],
        [8631.57884314, 8631.57884314,    0.        , 8631.57884314],
        [   0.        ,    0.        , 8631.57884314,    0.        ]])
matrix([[   0.       ,    0.       , 8628.9126913,    0.       ],
        [   0.       ,    0.       , 8628.9126913,    0.       ],
        [8628.9126913, 8628.9126913,    0.       , 8628.9126913],
        [   0.       ,    0.       , 8628.9126913,    0.       ]])
matrix([[   0.        ,    0.        , 8626.24653961,    0.        ],
        [   0.        ,    0.        , 8626.24653961,    0.        ],
        [8626.24653961, 8626.24653961,    0.        , 8626.24653961],
        [   0.        ,    0.        , 8626.24653961,    0.        ]])
matrix([[   0.        ,    0.        , 8623.58038808,    0.        ],
        [   0.        ,    0.        , 8623.58038808,    0.        ],
        [8623.58038808, 8623.58038808,    0.        , 8623.58038808],
