matrix([[0.        , 2.        , 4.12310563, 1.41421356],
        [2.        , 0.        , 4.12310563, 1.41421356],
        [4.12310563, 4.12310563, 0.        , 5.        ],
        [1.41421356, 1.41421356, 5.        , 0.        ]])
matrix([[0.        , 1.14928378, 3.1326727 , 0.80817152],
        [1.14928378, 0.        , 3.1326727 , 0.80817152],
        [3.1326727 , 3.1326727 , 0.        , 3.64778447],
        [0.80817152, 0.80817152, 3.64778447, 0.        ]])
matrix([[0.        , 0.48823047, 2.19113895, 0.34286911],
        [0.48823047, 0.        , 2.19113895, 0.34286911],
        [2.19113895, 2.19113895, 0.        , 2.41826135],
        [0.34286911, 0.34286911, 2.41826135, 0.        ]])
matrix([[0.        , 0.09733365, 1.3199834 , 0.07203398],
        [0.09733365, 0.        , 1.3199834 , 0.07203398],
        [1.3199834 , 1.3199834 , 0.        , 1.37219369],
        [0.07203398, 0.07203398, 1.37219369, 0.        ]])
matrix([[0.        , 0.00604908, 0.57421497, 0.00303722],
        [0.00604908, 0.        , 0.57421497, 0.00303722],
        [0.57421497, 0.57421497, 0.        , 0.57448429],
        [0.00303722, 0.00303722, 0.57448429, 0.        ]])
matrix([[0.        , 0.00125051, 0.08791989, 0.00062635],
        [0.00125051, 0.        , 0.08791989, 0.00062635],
        [0.08791989, 0.08791989, 0.        , 0.0878806 ],
        [0.00062635, 0.00062635, 0.0878806 , 0.        ]])
matrix([[0.        , 0.00038185, 0.01983539, 0.00019121],
        [0.00038185, 0.        , 0.01983539, 0.00019121],
        [0.01983539, 0.01983539, 0.        , 0.01982411],
        [0.00019121, 0.00019121, 0.01982411, 0.        ]])
matrix([[0.00000000e+00, 1.24685888e-04, 6.09758338e-03, 6.24309094e-05],
        [1.24685888e-04, 0.00000000e+00, 6.09758338e-03, 6.24309094e-05],
        [6.09758338e-03, 6.09758338e-03, 0.00000000e+00, 6.09395169e-03],
        [6.24309094e-05, 6.24309094e-05, 6.09395169e-03, 0.00000000e+00]])
matrix([[0.00000000e+00, 4.12971132e-05, 1.98327196e-03, 2.06773090e-05],
        [4.12971132e-05, 0.00000000e+00, 1.98327196e-03, 2.06773090e-05],
        [1.98327196e-03, 1.98327196e-03, 0.00000000e+00, 1.98207433e-03],
        [2.06773090e-05, 2.06773090e-05, 1.98207433e-03, 0.00000000e+00]])
matrix([[0.00000000e+00, 1.37370361e-05, 6.55858462e-04, 6.87804414e-06],
        [1.37370361e-05, 0.00000000e+00, 6.55858462e-04, 6.87804414e-06],
        [6.55858462e-04, 6.55858462e-04, 0.00000000e+00, 6.55460646e-04],
        [6.87804414e-06, 6.87804414e-06, 6.55460646e-04, 0.00000000e+00]])
matrix([[0.00000000e+00, 4.57586978e-06, 2.18046541e-04, 2.29114742e-06],
        [4.57586978e-06, 0.00000000e+00, 2.18046541e-04, 2.29114742e-06],
        [2.18046541e-04, 2.18046541e-04, 0.00000000e+00, 2.17914089e-04],
        [2.29114742e-06, 2.29114742e-06, 2.17914089e-04, 0.00000000e+00]])
matrix([[0.00000000e+00, 1.52495021e-06, 7.26188243e-05, 7.63602732e-07],
        [1.52495021e-06, 0.00000000e+00, 7.26188243e-05, 7.63602732e-07],
        [7.26188243e-05, 7.26188243e-05, 0.00000000e+00, 7.25746917e-05],
        [7.63602732e-07, 7.63602732e-07, 7.25746917e-05, 0.00000000e+00]])
matrix([[0.00000000e+00, 5.08389536e-07, 2.41992472e-05, 2.54631154e-07],
        [5.08389536e-07, 0.00000000e+00, 2.41992472e-05, 2.54631154e-07],
        [2.41992472e-05, 2.41992472e-05, 0.00000000e+00, 2.41845387e-05],
        [2.54631154e-07, 2.54631154e-07, 2.41845387e-05, 0.00000000e+00]])
matrix([[0.00000000e+00, 1.69244657e-07, 8.06563118e-06, 8.56006540e-08],
        [1.69244657e-07, 0.00000000e+00, 8.06563118e-06, 8.56006540e-08],
        [8.06563118e-06, 8.06563118e-06, 0.00000000e+00, 8.06072940e-06],
        [8.56006540e-08, 8.56006540e-08, 8.06072940e-06, 0.00000000e+00]])
matrix([[0.00000000e+00, 5.77119491e-08, 2.68849325e-06, 2.98023224e-08],
        [5.77119491e-08, 0.00000000e+00, 2.68849325e-06, 2.98023224e-08],
        [2.68849325e-06, 2.68849325e-06, 0.00000000e+00, 2.68684093e-06],
        [2.98023224e-08, 2.98023224e-08, 2.68684093e-06, 0.00000000e+00]])
matrix([[0.00000000e+00, 1.49011612e-08, 8.96178183e-07, 0.00000000e+00],
        [1.49011612e-08, 0.00000000e+00, 8.96178183e-07, 0.00000000e+00],
        [8.96178183e-07, 8.96178183e-07, 0.00000000e+00, 8.95682509e-07],
        [0.00000000e+00, 0.00000000e+00, 8.95682509e-07, 0.00000000e+00]])
matrix([[0.00000000e+00, 0.00000000e+00, 2.98395520e-07, 0.00000000e+00],
        [0.00000000e+00, 0.00000000e+00, 2.98395520e-07, 0.00000000e+00],
        [2.98395520e-07, 2.98395520e-07, 0.00000000e+00, 2.98767353e-07],
        [0.00000000e+00, 0.00000000e+00, 2.98767353e-07, 0.00000000e+00]])
matrix([[0.00000000e+00, 0.00000000e+00, 9.99600281e-08, 0.00000000e+00],
        [0.00000000e+00, 0.00000000e+00, 9.99600281e-08, 0.00000000e+00],
        [9.99600281e-08, 9.99600281e-08, 0.00000000e+00, 9.99600281e-08],
        [0.00000000e+00, 0.00000000e+00, 9.99600281e-08, 0.00000000e+00]])
matrix([[0.00000000e+00, 0.00000000e+00, 3.33200094e-08, 1.49011612e-08],
        [0.00000000e+00, 0.00000000e+00, 3.33200094e-08, 1.49011612e-08],
        [3.33200094e-08, 3.33200094e-08, 0.00000000e+00, 3.33200094e-08],
        [1.49011612e-08, 1.49011612e-08, 3.33200094e-08, 0.00000000e+00]])
matrix([[0.00000000e+00, 0.00000000e+00, 1.49011612e-08, 1.49011612e-08],
        [0.00000000e+00, 0.00000000e+00, 1.49011612e-08, 1.49011612e-08],
        [1.49011612e-08, 1.49011612e-08, 0.00000000e+00, 0.00000000e+00],
        [1.49011612e-08, 1.49011612e-08, 0.00000000e+00, 0.00000000e+00]])
matrix([[0., 0., 0., 0.],
        [0., 0., 0., 0.],
        [0., 0., 0., 0.],
        [0., 0., 0., 0.]])
matrix([[0.00000000e+00, 0.00000000e+00, 1.49011612e-08, 0.00000000e+00],
        [0.00000000e+00, 0.00000000e+00, 1.49011612e-08, 0.00000000e+00],
        [1.49011612e-08, 1.49011612e-08, 0.00000000e+00, 1.49011612e-08],
        [0.00000000e+00, 0.00000000e+00, 1.49011612e-08, 0.00000000e+00]])
matrix([[0., 0., 0., 0.],
        [0., 0., 0., 0.],
        [0., 0., 0., 0.],
        [0., 0., 0., 0.]])
matrix([[0.00000000e+00, 0.00000000e+00, 1.49011612e-08, 0.00000000e+00],
        [0.00000000e+00, 0.00000000e+00, 1.49011612e-08, 0.00000000e+00],
        [1.49011612e-08, 1.49011612e-08, 0.00000000e+00, 1.49011612e-08],
        [0.00000000e+00, 0.00000000e+00, 1.49011612e-08, 0.00000000e+00]])
matrix([[0.00000000e+00, 0.00000000e+00, 1.49011612e-08, 1.49011612e-08],
        [0.00000000e+00, 0.00000000e+00, 1.49011612e-08, 1.49011612e-08],
        [1.49011612e-08, 1.49011612e-08, 0.00000000e+00, 0.00000000e+00],
        [1.49011612e-08, 1.49011612e-08, 0.00000000e+00, 0.00000000e+00]])
matrix([[0.00000000e+00, 0.00000000e+00, 0.00000000e+00, 0.00000000e+00],
        [0.00000000e+00, 0.00000000e+00, 0.00000000e+00, 0.00000000e+00],
        [0.00000000e+00, 0.00000000e+00, 0.00000000e+00, 1.49011612e-08],
        [0.00000000e+00, 0.00000000e+00, 1.49011612e-08, 0.00000000e+00]])
matrix([[0.00000000e+00, 0.00000000e+00, 0.00000000e+00, 0.00000000e+00],
        [0.00000000e+00, 0.00000000e+00, 0.00000000e+00, 0.00000000e+00],
        [0.00000000e+00, 0.00000000e+00, 0.00000000e+00, 1.49011612e-08],
        [0.00000000e+00, 0.00000000e+00, 1.49011612e-08, 0.00000000e+00]])
matrix([[0.00000000e+00, 0.00000000e+00, 1.49011612e-08, 0.00000000e+00],
        [0.00000000e+00, 0.00000000e+00, 1.49011612e-08, 0.00000000e+00],
        [1.49011612e-08, 1.49011612e-08, 0.00000000e+00, 1.49011612e-08],
        [0.00000000e+00, 0.00000000e+00, 1.49011612e-08, 0.00000000e+00]])
matrix([[0., 0., 0., 0.],
        [0., 0., 0., 0.],
        [0., 0., 0., 0.],
        [0., 0., 0., 0.]])
matrix([[0.00000000e+00, 0.00000000e+00, 0.00000000e+00, 1.49011612e-08],
        [0.00000000e+00, 0.00000000e+00, 0.00000000e+00, 1.49011612e-08],
        [0.00000000e+00, 0.00000000e+00, 0.00000000e+00, 0.00000000e+00],
        [1.49011612e-08, 1.49011612e-08, 0.00000000e+00, 0.00000000e+00]])
matrix([[0., 0., 0., 0.],
        [0., 0., 0., 0.],
        [0., 0., 0., 0.],
        [0., 0., 0., 0.]])
matrix([[0., 0., 0., 0.],
        [0., 0., 0., 0.],
        [0., 0., 0., 0.],
        [0., 0., 0., 0.]])
matrix([[0., 0., 0., 0.],
        [0., 0., 0., 0.],
        [0., 0., 0., 0.],
        [0., 0., 0., 0.]])
matrix([[0., 0., 0., 0.],
        [0., 0., 0., 0.],
        [0., 0., 0., 0.],
        [0., 0., 0., 0.]])
matrix([[0.00000000e+00, 0.00000000e+00, 1.49011612e-08, 0.00000000e+00],
        [0.00000000e+00, 0.00000000e+00, 1.49011612e-08, 0.00000000e+00],
        [1.49011612e-08, 1.49011612e-08, 0.00000000e+00, 1.49011612e-08],
        [0.00000000e+00, 0.00000000e+00, 1.49011612e-08, 0.00000000e+00]])
matrix([[0.00000000e+00, 0.00000000e+00, 1.49011612e-08, 0.00000000e+00],
        [0.00000000e+00, 0.00000000e+00, 1.49011612e-08, 0.00000000e+00],
        [1.49011612e-08, 1.49011612e-08, 0.00000000e+00, 1.49011612e-08],
        [0.00000000e+00, 0.00000000e+00, 1.49011612e-08, 0.00000000e+00]])
matrix([[0., 0., 0., 0.],
        [0., 0., 0., 0.],
        [0., 0., 0., 0.],
        [0., 0., 0., 0.]])
matrix([[0., 0., 0., 0.],
        [0., 0., 0., 0.],
        [0., 0., 0., 0.],
        [0., 0., 0., 0.]])
matrix([[0., 0., 0., 0.],
        [0., 0., 0., 0.],
        [0., 0., 0., 0.],
        [0., 0., 0., 0.]])
matrix([[0., 0., 0., 0.],
        [0., 0., 0., 0.],
        [0., 0., 0., 0.],
        [0., 0., 0., 0.]])
matrix([[0., 0., 0., 0.],
        [0., 0., 0., 0.],
        [0., 0., 0., 0.],
        [0., 0., 0., 0.]])
matrix([[0., 0., 0., 0.],
        [0., 0., 0., 0.],
        [0., 0., 0., 0.],
        [0., 0., 0., 0.]])
matrix([[0., 0., 0., 0.],
        [0., 0., 0., 0.],
        [0., 0., 0., 0.],
        [0., 0., 0., 0.]])
matrix([[0., 0., 0., 0.],
        [0., 0., 0., 0.],
        [0., 0., 0., 0.],
        [0., 0., 0., 0.]])
matrix([[0., 0., 0., 0.],
        [0., 0., 0., 0.],
        [0., 0., 0., 0.],
        [0., 0., 0., 0.]])
matrix([[0., 0., 0., 0.],
        [0., 0., 0., 0.],
        [0., 0., 0., 0.],
        [0., 0., 0., 0.]])
matrix([[0., 0., 0., 0.],
        [0., 0., 0., 0.],
        [0., 0., 0., 0.],
        [0., 0., 0., 0.]])
matrix([[0., 0., 0., 0.],
        [0., 0., 0., 0.],
        [0., 0., 0., 0.],
        [0., 0., 0., 0.]])
matrix([[0., 0., 0., 0.],
        [0., 0., 0., 0.],
        [0., 0., 0., 0.],
        [0., 0., 0., 0.]])
matrix([[0., 0., 0., 0.],
        [0., 0., 0., 0.],
        [0., 0., 0., 0.],
        [0., 0., 0., 0.]])
matrix([[0., 0., 0., 0.],
        [0., 0., 0., 0.],
        [0., 0., 0., 0.],
        [0., 0., 0., 0.]])
matrix([[0., 0., 0., 0.],
        [0., 0., 0., 0.],
        [0., 0., 0., 0.],
        [0., 0., 0., 0.]])
matrix([[0., 0., 0., 0.],
        [0., 0., 0., 0.],
        [0., 0., 0., 0.],
        [0., 0., 0., 0.]])
matrix([[0., 0., 0., 0.],
        [0., 0., 0., 0.],
        [0., 0., 0., 0.],
        [0., 0., 0., 0.]])
matrix([[0., 0., 0., 0.],
        [0., 0., 0., 0.],
        [0., 0., 0., 0.],
        [0., 0., 0., 0.]])
matrix([[0., 0., 0., 0.],
        [0., 0., 0., 0.],
        [0., 0., 0., 0.],
        [0., 0., 0., 0.]])
matrix([[0., 0., 0., 0.],
        [0., 0., 0., 0.],
        [0., 0., 0., 0.],
        [0., 0., 0., 0.]])
matrix([[0., 0., 0., 0.],
        [0., 0., 0., 0.],
        [0., 0., 0., 0.],
        [0., 0., 0., 0.]])
matrix([[0., 0., 0., 0.],
        [0., 0., 0., 0.],
        [0., 0., 0., 0.],
        [0., 0., 0., 0.]])
matrix([[0., 0., 0., 0.],
        [0., 0., 0., 0.],
        [0., 0., 0., 0.],
        [0., 0., 0., 0.]])
matrix([[0., 0., 0., 0.],
        [0., 0., 0., 0.],
        [0., 0., 0., 0.],
        [0., 0., 0., 0.]])
matrix([[0., 0., 0., 0.],
        [0., 0., 0., 0.],
        [0., 0., 0., 0.],
        [0., 0., 0., 0.]])
matrix([[0., 0., 0., 0.],
        [0., 0., 0., 0.],
        [0., 0., 0., 0.],
        [0., 0., 0., 0.]])
matrix([[0., 0., 0., 0.],
        [0., 0., 0., 0.],
        [0., 0., 0., 0.],
        [0., 0., 0., 0.]])
matrix([[0., 0., 0., 0.],
        [0., 0., 0., 0.],
        [0., 0., 0., 0.],
        [0., 0., 0., 0.]])
matrix([[0., 0., 0., 0.],
        [0., 0., 0., 0.],
        [0., 0., 0., 0.],
        [0., 0., 0., 0.]])
matrix([[0., 0., 0., 0.],
        [0., 0., 0., 0.],
        [0., 0., 0., 0.],
        [0., 0., 0., 0.]])
matrix([[0., 0., 0., 0.],
        [0., 0., 0., 0.],
        [0., 0., 0., 0.],
        [0., 0., 0., 0.]])
matrix([[0., 0., 0., 0.],
        [0., 0., 0., 0.],
        [0., 0., 0., 0.],
        [0., 0., 0., 0.]])
matrix([[0., 0., 0., 0.],
        [0., 0., 0., 0.],
        [0., 0., 0., 0.],
        [0., 0., 0., 0.]])
matrix([[0., 0., 0., 0.],
        [0., 0., 0., 0.],
        [0., 0., 0., 0.],
        [0., 0., 0., 0.]])
matrix([[0., 0., 0., 0.],
        [0., 0., 0., 0.],
        [0., 0., 0., 0.],
        [0., 0., 0., 0.]])
matrix([[0., 0., 0., 0.],
        [0., 0., 0., 0.],
        [0., 0., 0., 0.],
        [0., 0., 0., 0.]])
matrix([[0., 0., 0., 0.],
        [0., 0., 0., 0.],
        [0., 0., 0., 0.],
        [0., 0., 0., 0.]])
matrix([[0., 0., 0., 0.],
        [0., 0., 0., 0.],
        [0., 0., 0., 0.],
        [0., 0., 0., 0.]])
matrix([[0., 0., 0., 0.],
        [0., 0., 0., 0.],
        [0., 0., 0., 0.],
        [0., 0., 0., 0.]])
matrix([[0., 0., 0., 0.],
        [0., 0., 0., 0.],
        [0., 0., 0., 0.],
        [0., 0., 0., 0.]])
matrix([[0., 0., 0., 0.],
        [0., 0., 0., 0.],
        [0., 0., 0., 0.],
        [0., 0., 0., 0.]])
matrix([[0., 0., 0., 0.],
        [0., 0., 0., 0.],
        [0., 0., 0., 0.],
        [0., 0., 0., 0.]])
matrix([[0., 0., 0., 0.],
        [0., 0., 0., 0.],
        [0., 0., 0., 0.],
        [0., 0., 0., 0.]])
matrix([[0., 0., 0., 0.],
        [0., 0., 0., 0.],
        [0., 0., 0., 0.],
        [0., 0., 0., 0.]])
matrix([[0., 0., 0., 0.],
        [0., 0., 0., 0.],
        [0., 0., 0., 0.],
        [0., 0., 0., 0.]])
matrix([[0., 0., 0., 0.],
        [0., 0., 0., 0.],
        [0., 0., 0., 0.],
        [0., 0., 0., 0.]])
matrix([[0., 0., 0., 0.],
        [0., 0., 0., 0.],
        [0., 0., 0., 0.],
        [0., 0., 0., 0.]])
matrix([[0., 0., 0., 0.],
        [0., 0., 0., 0.],
        [0., 0., 0., 0.],
        [0., 0., 0., 0.]])
matrix([[0., 0., 0., 0.],
        [0., 0., 0., 0.],
        [0., 0., 0., 0.],
        [0., 0., 0., 0.]])
matrix([[0., 0., 0., 0.],
        [0., 0., 0., 0.],
        [0., 0., 0., 0.],
        [0., 0., 0., 0.]])
matrix([[0., 0., 0., 0.],
        [0., 0., 0., 0.],
        [0., 0., 0., 0.],
        [0., 0., 0., 0.]])
matrix([[0., 0., 0., 0.],
        [0., 0., 0., 0.],
        [0., 0., 0., 0.],
        [0., 0., 0., 0.]])
matrix([[0., 0., 0., 0.],
        [0., 0., 0., 0.],
        [0., 0., 0., 0.],
        [0., 0., 0., 0.]])
matrix([[0., 0., 0., 0.],
        [0., 0., 0., 0.],
        [0., 0., 0., 0.],
        [0., 0., 0., 0.]])
matrix([[0., 0., 0., 0.],
        [0., 0., 0., 0.],
        [0., 0., 0., 0.],
        [0., 0., 0., 0.]])
matrix([[0., 0., 0., 0.],
        [0., 0., 0., 0.],
        [0., 0., 0., 0.],
        [0., 0., 0., 0.]])
matrix([[0., 0., 0., 0.],
        [0., 0., 0., 0.],
        [0., 0., 0., 0.],
        [0., 0., 0., 0.]])
matrix([[0., 0., 0., 0.],
        [0., 0., 0., 0.],
        [0., 0., 0., 0.],
        [0., 0., 0., 0.]])
matrix([[0., 0., 0., 0.],
        [0., 0., 0., 0.],
        [0., 0., 0., 0.],
        [0., 0., 0., 0.]])
matrix([[0., 0., 0., 0.],
        [0., 0., 0., 0.],
        [0., 0., 0., 0.],
        [0., 0., 0., 0.]])
matrix([[0., 0., 0., 0.],
        [0., 0., 0., 0.],
        [0., 0., 0., 0.],
        [0., 0., 0., 0.]])
matrix([[0., 0., 0., 0.],
        [0., 0., 0., 0.],
        [0., 0., 0., 0.],
        [0., 0., 0., 0.]])
matrix([[0., 0., 0., 0.],
        [0., 0., 0., 0.],
        [0., 0., 0., 0.],
        [0., 0., 0., 0.]])
matrix([[0., 0., 0., 0.],
        [0., 0., 0., 0.],
        [0., 0., 0., 0.],
        [0., 0., 0., 0.]])
matrix([[0., 0., 0., 0.],
        [0., 0., 0., 0.],
        [0., 0., 0., 0.],
        [0., 0., 0., 0.]])
